Buy,None,Sell, stringRepresentation
6.608884E-15, 0.1923951, 0.807605, Sell
2.243508E-17, 0.007784605, 0.9922154, Sell
1.429407E-12, 0.9769421, 0.02305788, None
2.303788E-10, 0.9230732, 0.07692675, None
6.201066E-13, 0.9462215, 0.05377844, None
1.061833E-14, 0.005703495, 0.9942965, Sell
6.123961E-12, 0.7072029, 0.2927971, None
1.709502E-14, 0.5267146, 0.4732854, None
5.565068E-11, 0.9902031, 0.00979685, None
1.749945E-14, 0.5425532, 0.4574468, None
1.98102E-13, 0.3186474, 0.6813526, Sell
1.254115E-16, 0.9990126, 0.0009874164, None
6.768543E-18, 0.9910818, 0.008918159, None
1.879936E-17, 0.9949422, 0.005057806, None
1.592418E-19, 0.563147, 0.436853, None
6.027802E-20, 0.9675272, 0.03247276, None
1.288205E-16, 0.9978478, 0.00215222, None
1.09585E-19, 0.922823, 0.077177, None
1.967369E-17, 0.9946551, 0.005344898, None
1.09174E-16, 0.999869, 0.0001309709, None
9.542514E-20, 0.9876428, 0.0123572, None
1.544164E-20, 0.01168237, 0.9883176, Sell
4.345065E-17, 0.77246, 0.22754, None
1.420022E-14, 0.9387673, 0.06123268, None
1.17977E-10, 0.9494973, 0.05050266, None
2.215564E-13, 0.521584, 0.478416, None
2.510868E-12, 0.3224502, 0.6775498, Sell
1.627017E-09, 0.9994829, 0.00051708, None
1.600847E-14, 0.7005919, 0.2994081, None
4.719299E-15, 0.3254207, 0.6745793, Sell
2.156608E-21, 0.9956647, 0.00433535, None
1.024691E-20, 0.5940788, 0.4059211, None
6.212899E-24, 0.9896169, 0.01038306, None
5.168791E-25, 0.9885571, 0.01144292, None
2.935185E-21, 1, 2.448862E-09, None
1.068406E-23, 1, 3.795873E-09, None
8.298279E-22, 1, 6.133706E-09, None
1.16097E-18, 0.9999905, 9.483815E-06, None
1.321956E-15, 0.9999999, 1.330292E-07, None
6.581706E-18, 0.9999971, 2.832047E-06, None
1.20565E-20, 1, 1.74053E-08, None
6.292852E-21, 0.999999, 9.68154E-07, None
6.182292E-10, 0.9997633, 0.0002367479, None
4.03606E-13, 0.9997545, 0.0002454944, None
1.420557E-16, 0.9967113, 0.00328866, None
8.58829E-13, 0.9999255, 7.450672E-05, None
8.397605E-08, 0.999998, 1.893375E-06, None
6.265567E-09, 0.9999993, 7.169417E-07, None
2.572217E-06, 0.999997, 4.497808E-07, None
1.897022E-06, 0.9999981, 3.948953E-09, None
4.619222E-12, 1, 1.209482E-12, None
2.30699E-10, 1, 1.302272E-11, None
4.678656E-11, 1, 1.582206E-10, None
1.697245E-10, 1, 1.521284E-08, None
1.483873E-09, 1, 7.544993E-11, None
1.241159E-06, 0.9999987, 2.093467E-13, None
2.344886E-07, 0.9999998, 2.34562E-12, None
7.579911E-09, 1, 1.76261E-14, None
4.391736E-10, 1, 3.177007E-14, None
4.541339E-08, 0.9999999, 1.500704E-15, None
1.657986E-08, 1, 2.826308E-16, None
6.145439E-08, 0.9999999, 1.646189E-16, None
1.285873E-05, 0.9999864, 7.938527E-07, None
9.647157E-08, 0.9999999, 3.694886E-09, None
5.348385E-09, 1, 2.328834E-08, None
6.967923E-10, 0.9999905, 9.494763E-06, None
9.08752E-07, 0.9999312, 6.793046E-05, None
0.0007842524, 0.9992157, 7.11143E-09, None
9.032441E-06, 0.9999909, 2.777019E-10, None
0.0001366848, 0.9998628, 4.875305E-07, None
1.182207E-07, 0.999993, 6.901813E-06, None
2.362571E-07, 0.9992876, 0.0007121731, None
7.307078E-10, 0.9147912, 0.08520885, None
5.315379E-10, 0.9976276, 0.002372459, None
3.530168E-09, 0.9996175, 0.0003824941, None
2.629426E-09, 0.8946022, 0.1053978, None
2.29966E-06, 0.5134137, 0.486584, None
9.164349E-05, 0.9884549, 0.01145341, None
0.0003238818, 0.9437826, 0.05589358, None
6.509371E-07, 0.9999167, 8.261299E-05, None
0.001338463, 0.9978575, 0.0008040664, None
1.622488E-05, 0.9999812, 2.557223E-06, None
9.273633E-05, 0.9999048, 2.519391E-06, None
4.368307E-06, 0.9838908, 0.01610483, None
0.001895733, 0.9981027, 1.527075E-06, None
3.487536E-06, 0.9999964, 1.244661E-07, None
6.644819E-08, 0.9999998, 1.017113E-07, None
3.852045E-11, 0.9999993, 7.114401E-07, None
2.616613E-07, 0.9999794, 2.029245E-05, None
6.089495E-06, 0.9999939, 3.148167E-08, None
5.587979E-08, 0.9999996, 2.942778E-07, None
7.037495E-08, 0.9999944, 5.54273E-06, None
1.046896E-08, 1, 3.049904E-09, None
4.338626E-10, 0.9999992, 7.800004E-07, None
5.385864E-09, 0.9999998, 1.718691E-07, None
5.715727E-08, 0.9999999, 5.280711E-08, None
9.393184E-07, 0.9999971, 1.893527E-06, None
3.136356E-06, 0.9999925, 4.304153E-06, None
2.160219E-07, 0.9999997, 1.082312E-07, None
7.527032E-07, 0.9999844, 1.481235E-05, None
1.06122E-07, 0.9999956, 4.298245E-06, None
5.613478E-12, 0.9997861, 0.0002138779, None
3.047439E-07, 0.9999996, 3.086155E-08, None
4.525994E-13, 0.9999257, 7.429877E-05, None
2.969643E-08, 0.9999996, 3.600395E-07, None
1.888286E-11, 0.9999999, 5.222308E-08, None
2.212273E-08, 0.9999952, 4.813327E-06, None
3.350965E-10, 0.9999977, 2.273214E-06, None
1.816681E-07, 0.9999996, 1.76918E-07, None
5.08767E-06, 0.9989754, 0.001019497, None
1.281756E-05, 0.9999852, 1.979763E-06, None
8.351791E-07, 0.9999987, 5.007585E-07, None
2.302884E-05, 0.999977, 4.884669E-13, None
5.735164E-06, 0.9997007, 0.0002936096, None
0.000157468, 0.9998425, 1.798512E-09, None
3.22113E-07, 0.9989724, 0.001027334, None
6.053196E-06, 0.9998254, 0.0001685206, None
0.001485191, 0.9468033, 0.05171149, None
0.002104535, 0.9978855, 9.916379E-06, None
0.0008633205, 0.9951273, 0.00400944, None
0.0008610519, 0.9432542, 0.05588473, None
0.05557479, 0.9419249, 0.002500326, None
0.0008783473, 0.9852854, 0.01383623, None
0.04786123, 0.952013, 0.0001257448, None
0.005459032, 0.9944162, 0.0001247235, None
5.58378E-05, 0.9999359, 8.22068E-06, None
0.04110123, 0.9460318, 0.01286696, None
0.0001381887, 0.9814564, 0.01840542, None
0.0002555404, 0.9997408, 3.657858E-06, None
6.581462E-05, 0.9802648, 0.01966941, None
7.868293E-08, 0.9999909, 8.966472E-06, None
3.835982E-06, 0.9999956, 5.132668E-07, None
4.493032E-06, 0.9999955, 2.141151E-08, None
0.0001110098, 0.9998884, 5.710284E-07, None
7.399136E-06, 0.9999926, 7.552036E-10, None
0.0001899002, 0.9998093, 7.538514E-07, None
8.013614E-07, 0.9998928, 0.0001063538, None
0.003572764, 0.9964262, 9.839373E-07, None
8.856786E-11, 1, 4.188246E-12, None
4.270472E-09, 1, 4.93941E-10, None
3.947332E-11, 0.9999996, 3.507584E-07, None
1.466924E-08, 1, 5.047104E-09, None
4.537797E-13, 0.9998488, 0.000151159, None
7.477258E-08, 0.9994668, 0.0005330957, None
1.991358E-08, 0.9955134, 0.004486571, None
3.0899E-08, 0.9946948, 0.005305149, None
1.106573E-07, 0.9995428, 0.0004570686, None
1.639707E-09, 0.9998634, 0.000136634, None
4.468534E-12, 0.9998246, 0.0001753671, None
2.43728E-08, 0.9999956, 4.401E-06, None
4.749124E-09, 0.9998249, 0.0001750816, None
8.588114E-15, 1, 2.414787E-09, None
1.479088E-16, 1, 2.417415E-08, None
2.173493E-13, 1, 3.758642E-09, None
5.031825E-13, 1, 1.857763E-08, None
3.925713E-10, 0.9999717, 2.829572E-05, None
3.237507E-12, 0.9999984, 1.614438E-06, None
9.257885E-12, 0.9998939, 0.0001061079, None
4.793377E-09, 1, 4.003846E-10, None
9.586499E-12, 0.9999997, 3.197024E-07, None
3.361937E-10, 1, 1.152372E-09, None
1.602302E-11, 1, 7.74097E-11, None
0.0006483414, 0.9993516, 7.84413E-08, None
5.732904E-07, 0.9999994, 1.207882E-08, None
0.0001956958, 0.9998043, 3.26129E-08, None
1.435121E-07, 0.9999999, 2.144479E-09, None
4.772648E-06, 0.9999952, 5.462044E-12, None
6.81687E-06, 0.9999932, 1.775555E-12, None
0.0002676308, 0.9997323, 8.477377E-08, None
1.609756E-05, 0.9999839, 5.451754E-10, None
5.816382E-09, 0.9999971, 2.909387E-06, None
1.092146E-06, 0.9999989, 8.961049E-10, None
1.663187E-07, 0.9999998, 5.502154E-10, None
6.102508E-09, 1, 1.6478E-08, None
2.944822E-07, 0.9999997, 7.141717E-10, None
3.454281E-07, 0.9999996, 2.187592E-09, None
7.483972E-08, 0.9999999, 1.483151E-09, None
2.134707E-13, 1, 7.62888E-10, None
2.280894E-08, 1, 2.786573E-10, None
3.15181E-09, 0.9999984, 1.619668E-06, None
6.35436E-11, 1, 8.952128E-10, None
4.295703E-08, 0.9988849, 0.001115081, None
3.129457E-07, 0.8592741, 0.1407256, None
0.000419803, 0.9995571, 2.314429E-05, None
2.803059E-09, 0.9843308, 0.01566919, None
2.972999E-08, 0.999976, 2.393673E-05, None
1.049014E-06, 0.9998792, 0.000119731, None
5.60625E-07, 0.9793563, 0.02064308, None
9.193929E-08, 0.9813114, 0.01868853, None
3.30268E-10, 0.2588186, 0.7411814, Sell
1.855511E-12, 0.999995, 4.991144E-06, None
8.931904E-12, 0.9983433, 0.001656685, None
6.665979E-12, 0.9999917, 8.293685E-06, None
1.91822E-17, 0.9998188, 0.0001812075, None
4.422241E-16, 0.9930335, 0.006966457, None
4.352722E-19, 0.9616173, 0.03838268, None
6.147381E-14, 0.9815966, 0.01840343, None
6.893687E-19, 0.9185887, 0.08141132, None
1.085473E-12, 0.2327621, 0.7672379, Sell
6.78757E-14, 0.2611634, 0.7388366, Sell
4.791135E-15, 0.04595028, 0.9540497, Sell
1.849467E-17, 0.299057, 0.700943, Sell
6.473203E-15, 0.04230111, 0.9576989, Sell
1.425986E-12, 0.9999856, 1.434415E-05, None
8.113E-14, 0.9999309, 6.91225E-05, None
7.628628E-09, 0.9999817, 1.829968E-05, None
1.974738E-05, 0.9977037, 0.002276594, None
3.450396E-06, 0.9987876, 0.001208997, None
2.888165E-14, 0.9875791, 0.01242091, None
1.154218E-10, 0.999815, 0.0001849318, None
2.105835E-07, 0.9999976, 2.24716E-06, None
1.105654E-08, 0.9939086, 0.006091386, None
7.859373E-13, 0.9999946, 5.416549E-06, None
4.381003E-09, 0.9959472, 0.004052842, None
1.563497E-10, 0.1050381, 0.8949619, Sell
1.326906E-11, 0.1955963, 0.8044037, Sell
8.411386E-17, 0.0001982497, 0.9998018, Sell
4.892635E-16, 0.01558793, 0.9844121, Sell
2.806879E-15, 0.01647936, 0.9835206, Sell
1.856644E-18, 0.002867789, 0.9971322, Sell
1.018026E-19, 0.002137829, 0.9978622, Sell
1.231198E-15, 0.0004457055, 0.9995543, Sell
4.5525E-19, 0.09906428, 0.9009357, Sell
1.463047E-22, 0.001225821, 0.9987742, Sell
1.715669E-20, 0.4416071, 0.5583928, Sell
4.152129E-27, 0.2662313, 0.7337687, Sell
1.729868E-26, 0.0008361221, 0.9991639, Sell
2.23577E-24, 0.01690989, 0.9830901, Sell
1.404089E-14, 0.9999981, 1.932224E-06, None
3.945128E-11, 0.9999998, 1.756683E-07, None
5.072179E-09, 0.9999882, 1.180545E-05, None
1.230816E-10, 0.9999965, 3.432392E-06, None
1.222729E-13, 0.999787, 0.0002129831, None
2.677067E-13, 0.9999979, 2.170329E-06, None
7.323642E-10, 0.9999882, 1.182404E-05, None
4.754915E-09, 0.9994483, 0.0005517188, None
3.065515E-08, 0.9999709, 2.912017E-05, None
1.326708E-09, 1, 4.077046E-09, None
8.896286E-08, 0.9944422, 0.005557667, None
6.164776E-05, 0.9971973, 0.002741011, None
2.772042E-07, 0.9998629, 0.0001368303, None
9.028753E-11, 0.9988858, 0.001114184, None
2.195688E-11, 0.9999366, 6.335776E-05, None
7.41626E-09, 0.9999329, 6.70746E-05, None
1.45617E-09, 0.9915369, 0.008463126, None
9.506195E-10, 0.9995504, 0.0004495876, None
5.815122E-07, 0.9831128, 0.01688666, None
1.565618E-05, 0.9985882, 0.001396123, None
0.0001235136, 0.989706, 0.01017045, None
5.907373E-05, 0.9999242, 1.670306E-05, None
3.180626E-05, 0.9987012, 0.001267057, None
3.027326E-06, 0.9515473, 0.04844965, None
4.060838E-08, 0.0529645, 0.9470354, Sell
0.000300929, 0.998822, 0.0008770286, None
0.07144798, 0.9157898, 0.0127622, None
0.02453609, 0.3436968, 0.6317672, Sell
2.338329E-05, 0.9998053, 0.0001713651, None
3.979823E-10, 0.9999, 9.996491E-05, None
0.00123885, 0.9980038, 0.0007572957, None
0.0001627507, 0.9994384, 0.0003988597, None
1.519816E-05, 0.2295184, 0.7704664, Sell
9.235848E-05, 0.0004677214, 0.9994399, Sell
0.1096698, 0.77562, 0.1147102, None
0.005236393, 0.987516, 0.007247603, None
0.001025686, 0.2786371, 0.7203372, Sell
4.55982E-06, 1.213131E-05, 0.9999833, Sell
0.6083972, 0.0006883595, 0.3909144, Buy
0.2527508, 0.006959067, 0.7402902, Sell
0.03990031, 9.860035E-05, 0.9600011, Sell
0.1180326, 0.8733027, 0.008664723, None
0.07317419, 0.7957817, 0.1310441, None
0.2292079, 0.76252, 0.008272144, None
0.9603844, 0.01990748, 0.0197081, Buy
0.9907448, 0.009109219, 0.0001459524, Buy
0.9943606, 0.0005218934, 0.005117474, Buy
0.5337195, 0.4641962, 0.002084288, Buy
0.2820298, 0.340975, 0.3769953, Sell
0.9771912, 0.01265406, 0.01015473, Buy
0.07957952, 0.1096917, 0.8107288, Sell
0.006731887, 0.2626196, 0.7306486, Sell
2.696146E-05, 0.09559907, 0.9043739, Sell
0.001186815, 0.8740855, 0.1247277, None
0.001882442, 0.9853508, 0.01276677, None
0.4726425, 0.5235906, 0.003766896, None
0.007884446, 0.9919852, 0.0001303342, None
0.05980929, 0.9393, 0.0008907059, None
0.09254325, 0.9074512, 5.544467E-06, None
0.9999998, 2.551166E-07, 1.626862E-10, Buy
0.9923369, 0.00745425, 0.000208809, Buy
0.4494487, 0.2153622, 0.3351892, Buy
0.005636798, 0.007078853, 0.9872844, Sell
0.9685601, 0.03000209, 0.001437803, Buy
0.0004542736, 0.9606799, 0.03886586, None
0.479521, 0.5204132, 6.578911E-05, None
4.039078E-06, 0.912862, 0.08713396, None
0.2982323, 0.3321689, 0.3695988, Sell
0.0002443797, 0.1130154, 0.8867403, Sell
3.221687E-06, 0.03020887, 0.9697879, Sell
0.001839863, 0.739619, 0.2585412, None
2.226925E-05, 0.03189304, 0.9680847, Sell
0.000396633, 0.4372981, 0.5623053, Sell
0.0006049012, 0.003250345, 0.9961448, Sell
0.00183451, 0.9896908, 0.008474652, None
0.09975976, 0.8805307, 0.01970957, None
0.03166832, 0.02290293, 0.9454287, Sell
0.9620074, 0.03562125, 0.002371323, Buy
0.9668181, 0.03188188, 0.001300051, Buy
0.9966304, 0.003363224, 6.427786E-06, Buy
0.4316729, 0.5508385, 0.01748864, None
0.0001772609, 0.5789165, 0.4209062, None
1.889172E-09, 0.06587151, 0.9341285, Sell
7.616042E-09, 0.2102402, 0.7897598, Sell
3.573065E-08, 0.9998792, 0.0001207577, None
1.501709E-09, 0.9695868, 0.03041314, None
2.641731E-11, 0.9988298, 0.001170136, None
3.576754E-09, 0.9998935, 0.0001064779, None
8.259557E-14, 0.9999965, 3.49182E-06, None
1.577981E-08, 0.9999751, 2.485358E-05, None
0.0001673296, 0.999831, 1.714813E-06, None
0.000430038, 0.9995698, 1.711622E-07, None
1.033106E-05, 0.9999897, 1.980323E-09, None
1.25232E-07, 0.9999999, 5.330898E-10, None
1.047431E-07, 0.9999999, 5.686025E-09, None
1.746255E-11, 1, 1.227091E-09, None
1.751459E-10, 1, 1.678778E-08, None
8.572724E-10, 1, 3.346733E-09, None
9.639448E-11, 0.2287969, 0.7712032, Sell
1.647469E-11, 0.4679277, 0.5320723, Sell
2.07435E-09, 0.527015, 0.4729851, None
5.378659E-11, 0.9999759, 2.414286E-05, None
6.0087E-13, 0.9997175, 0.0002824898, None
1.240229E-12, 0.999912, 8.796342E-05, None
5.377537E-12, 1, 1.233034E-08, None
5.507412E-10, 0.999998, 1.986035E-06, None
2.195043E-11, 0.9999993, 6.82708E-07, None
0.0004610101, 0.9995387, 3.433402E-07, None
4.121334E-05, 0.9990717, 0.0008870904, None
0.0004289524, 0.9995687, 2.321578E-06, None
0.001467738, 0.9984917, 4.058429E-05, None
9.097356E-06, 0.9999905, 3.564834E-07, None
0.0001844107, 0.9998156, 4.887522E-09, None
2.367549E-05, 0.9999759, 4.22225E-07, None
1.769498E-06, 0.999882, 0.0001162249, None
1.250755E-07, 0.9999996, 2.585121E-07, None
5.936005E-06, 0.9997256, 0.0002685009, None
1.888164E-06, 0.9999978, 3.275063E-07, None
1.486809E-07, 0.9999906, 9.282312E-06, None
0.8946057, 0.1053846, 9.717033E-06, Buy
0.03971111, 0.9599818, 0.0003071125, None
0.933407, 0.06659102, 1.993084E-06, Buy
0.3743494, 0.6255344, 0.000116179, None
6.834597E-05, 0.2375451, 0.7623866, Sell
7.804604E-06, 0.9993739, 0.0006183107, None
2.187426E-06, 0.9997471, 0.0002507399, None
6.813049E-09, 0.9998947, 0.0001052274, None
1.565333E-06, 0.9998925, 0.0001059457, None
0.01695491, 0.9828747, 0.0001703963, None
0.0005899127, 0.9991135, 0.0002966147, None
0.01476442, 0.985214, 2.159602E-05, None
0.07990871, 0.9200852, 6.092122E-06, None
1.978366E-06, 0.999998, 7.134118E-10, None
0.0002615129, 0.9997385, 5.538906E-11, None
0.0001707824, 0.9998292, 1.264472E-11, None
0.0001651064, 0.9998349, 9.758471E-11, None
0.02133063, 0.9786693, 2.240571E-09, None
0.07672942, 0.9232706, 1.910242E-12, None
0.9822553, 0.01774466, 3.411237E-11, Buy
0.04604701, 0.953953, 2.219394E-11, None
0.02714743, 0.9728526, 5.045149E-12, None
1.311584E-05, 0.9999865, 3.755E-07, None
0.004990507, 0.9950058, 3.690151E-06, None
0.004853953, 0.9951338, 1.224743E-05, None
0.006907154, 0.9926968, 0.0003960172, None
0.0003857239, 0.9993736, 0.0002407393, None
9.831304E-06, 0.9999902, 3.255859E-09, None
5.60374E-07, 0.9999995, 1.078726E-09, None
0.0005145237, 0.9994855, 1.567892E-10, None
1.410712E-09, 1, 2.142542E-10, None
8.267987E-10, 1, 2.60872E-09, None
1.343023E-07, 0.9999996, 2.676071E-07, None
0.0007847567, 0.9992137, 1.576527E-06, None
2.229238E-06, 0.9999977, 8.07717E-08, None
7.944204E-06, 0.9999917, 3.514451E-07, None
0.0004701429, 0.9995297, 1.509427E-07, None
3.816163E-05, 0.9999613, 5.354024E-07, None
1.298147E-06, 0.999886, 0.0001127471, None
0.0001226542, 0.9998769, 4.768569E-07, None
0.2006494, 0.7993506, 3.249499E-12, None
0.01089793, 0.9891021, 2.008284E-17, None
0.08006599, 0.919934, 3.713768E-14, None
0.02198552, 0.9780145, 2.535969E-17, None
0.9961947, 0.003805322, 2.085788E-16, Buy
0.9892312, 0.01076886, 2.851869E-13, Buy
0.598667, 0.4013331, 3.776761E-14, Buy
0.5204447, 0.4795553, 1.780817E-13, Buy
0.0008026859, 0.9991973, 2.639622E-11, None
0.8574008, 0.1425992, 9.11738E-12, Buy
0.9613291, 0.03867089, 8.026155E-19, Buy
0.1272194, 0.8727806, 1.666728E-14, None
0.5133362, 0.4866638, 3.2313E-14, Buy
0.9941206, 0.005879377, 2.296428E-16, Buy
0.4268431, 0.5731569, 2.598537E-15, None
0.3548309, 0.6451691, 3.253978E-16, None
0.8218482, 0.1781519, 1.915628E-13, Buy
0.9916701, 0.008329902, 3.123327E-12, Buy
0.00837818, 0.9916218, 2.70467E-13, None
7.330005E-05, 0.9999267, 7.177542E-12, None
3.006158E-08, 0.9999999, 5.228743E-15, None
1.366541E-05, 0.9999864, 3.490274E-12, None
0.002238527, 0.9977614, 2.061116E-08, None
1.080295E-05, 0.9999892, 1.356988E-10, None
3.832517E-05, 0.9999617, 1.106151E-11, None
0.06953192, 0.9304681, 7.870403E-10, None
0.1292306, 0.8707694, 4.245662E-15, None
0.9924484, 0.007551533, 5.690143E-13, Buy
0.9981641, 0.00183594, 3.099304E-14, Buy
0.9793437, 0.02065633, 6.171353E-14, Buy
0.901414, 0.09858603, 5.658813E-10, Buy
0.0360642, 0.9639353, 4.939448E-07, None
0.00240247, 0.9975853, 1.22056E-05, None
1.431631E-06, 0.9999958, 2.769097E-06, None
0.001450925, 0.9980118, 0.0005372626, None
5.69608E-06, 0.9847465, 0.01524781, None
2.536866E-09, 0.9475172, 0.05248279, None
9.623508E-09, 0.5084991, 0.4915008, None
4.585214E-08, 0.6772004, 0.3227995, None
4.786307E-06, 0.9944972, 0.005498002, None
1.17958E-05, 0.9370041, 0.06298411, None
0.0004058166, 0.3704406, 0.6291536, Sell
0.0005520912, 0.9993153, 0.000132594, None
1.68765E-06, 0.8329939, 0.1670045, None
4.236993E-07, 0.00934604, 0.9906535, Sell
3.157076E-05, 0.9892222, 0.01074621, None
1.498119E-11, 0.000421854, 0.9995781, Sell
1.313823E-09, 0.05722406, 0.942776, Sell
5.796621E-09, 0.04796497, 0.952035, Sell
2.19205E-11, 0.05053388, 0.9494661, Sell
5.863127E-11, 0.04226694, 0.957733, Sell
1.13302E-09, 0.4619442, 0.5380558, Sell
8.179557E-07, 0.7581943, 0.2418049, None
3.14549E-10, 0.4007917, 0.5992083, Sell
1.041627E-12, 0.1383726, 0.8616274, Sell
1.925866E-09, 0.4963318, 0.5036682, Sell
0.002330982, 0.9078682, 0.0898008, None
0.003934735, 0.9804787, 0.01558654, None
4.427865E-05, 0.3980407, 0.6019151, Sell
1.19053E-05, 0.04084818, 0.9591399, Sell
5.930196E-07, 0.01059169, 0.9894077, Sell
0.01039115, 0.3128642, 0.6767447, Sell
4.14249E-06, 4.371927E-05, 0.9999521, Sell
0.00391217, 0.5960982, 0.3999896, None
7.233784E-07, 0.9852434, 0.01475585, None
9.295507E-07, 0.6948199, 0.3051792, None
3.99461E-09, 0.8479876, 0.1520124, None
3.02395E-15, 0.5108182, 0.4891818, None
1.56275E-12, 0.06454761, 0.9354524, Sell
6.433281E-17, 0.01148382, 0.9885162, Sell
1.133346E-15, 3.792881E-05, 0.9999621, Sell
9.1675E-10, 0.02375727, 0.9762427, Sell
3.365162E-12, 0.0303642, 0.9696358, Sell
2.285504E-08, 0.002057648, 0.9979423, Sell
8.804658E-08, 0.001853706, 0.9981462, Sell
0.0008614618, 0.9991381, 3.926347E-07, None
0.2623351, 0.7376325, 3.245407E-05, None
0.0001211987, 0.9178497, 0.08202911, None
3.241979E-07, 0.6639905, 0.3360091, None
5.762405E-08, 0.2509427, 0.7490572, Sell
2.946591E-07, 0.970252, 0.02974765, None
1.81775E-08, 0.7789153, 0.2210847, None
1.902731E-06, 0.9997259, 0.000272205, None
4.405135E-08, 0.4978386, 0.5021613, Sell
9.147223E-11, 0.03447315, 0.9655268, Sell
6.166834E-11, 0.8619048, 0.1380952, None
3.478217E-09, 0.4298637, 0.5701363, Sell
9.644623E-07, 0.9967912, 0.003207765, None
9.801366E-09, 0.9999669, 3.308215E-05, None
5.089172E-08, 0.9941282, 0.005871794, None
1.574493E-09, 0.0115281, 0.9884719, Sell
6.077182E-11, 0.02464336, 0.9753566, Sell
8.286552E-08, 0.03750089, 0.962499, Sell
4.529822E-12, 0.9994565, 0.000543512, None
2.040094E-10, 0.9999629, 3.706631E-05, None
2.361564E-18, 0.8696134, 0.1303866, None
7.548741E-19, 0.972504, 0.02749603, None
5.784089E-15, 0.1472833, 0.8527167, Sell
3.097715E-09, 0.8236728, 0.1763272, None
1.173687E-11, 0.476958, 0.523042, Sell
3.921338E-14, 0.9917963, 0.008203769, None
6.373053E-19, 0.9466347, 0.05336536, None
3.224695E-17, 0.998297, 0.001702994, None
2.307958E-22, 0.9658725, 0.03412747, None
4.309698E-22, 0.08220259, 0.9177974, Sell
1.050701E-24, 0.7573744, 0.2426256, None
5.718199E-21, 0.9588953, 0.04110469, None
3.166014E-19, 0.9539379, 0.04606207, None
1.096346E-16, 0.9990893, 0.0009106928, None
3.293419E-24, 0.2153156, 0.7846844, Sell
8.334296E-26, 0.0311517, 0.9688483, Sell
2.142682E-27, 0.7771334, 0.2228666, None
7.02418E-27, 0.1565058, 0.8434942, Sell
3.341864E-14, 0.005204001, 0.994796, Sell
5.401182E-12, 0.3273732, 0.6726268, Sell
3.889337E-10, 0.02627859, 0.9737214, Sell
1.049001E-10, 3.299578E-06, 0.9999967, Sell
9.67441E-12, 1.465784E-05, 0.9999853, Sell
3.074104E-13, 7.02927E-05, 0.9999297, Sell
1.295867E-14, 0.0007016615, 0.9992983, Sell
7.258025E-17, 2.248737E-06, 0.9999977, Sell
1.102024E-13, 4.90911E-06, 0.9999951, Sell
4.546556E-13, 8.734357E-07, 0.9999991, Sell
2.229911E-10, 1.309892E-05, 0.9999869, Sell
5.002598E-08, 0.6110417, 0.3889582, None
1.396668E-05, 0.9999845, 1.528606E-06, None
1.49302E-05, 0.9996353, 0.0003497926, None
5.099843E-06, 0.9997845, 0.0002103764, None
0.0007783853, 0.999212, 9.641202E-06, None
0.4132481, 0.5867519, 1.508382E-08, None
0.6290987, 0.3709013, 2.76542E-08, Buy
4.098965E-06, 0.9841684, 0.01582755, None
0.1606977, 0.8025022, 0.0368002, None
0.006079362, 0.9935155, 0.0004051202, None
0.0007594079, 0.9242918, 0.07494879, None
9.908811E-07, 0.01640801, 0.983591, Sell
1.165382E-05, 0.9704484, 0.02953998, None
2.810531E-06, 0.0676121, 0.9323851, Sell
0.04562268, 0.05218115, 0.9021962, Sell
0.9871812, 1.239616E-05, 0.01280641, Buy
6.930442E-05, 6.358464E-05, 0.9998671, Sell
0.1045177, 0.01581007, 0.8796722, Sell
0.0001232783, 0.004156342, 0.9957204, Sell
5.957386E-05, 1.228762E-05, 0.9999281, Sell
4.021268E-05, 0.004143391, 0.9958164, Sell
0.08371054, 0.8076171, 0.1086724, None
0.1772284, 0.8144606, 0.008310917, None
0.0001357651, 0.1834932, 0.816371, Sell
1.189166E-07, 0.006366836, 0.993633, Sell
0.000472643, 0.9915246, 0.008002728, None
3.207101E-07, 0.9999996, 8.260246E-09, None
3.631404E-05, 0.9999637, 1.144089E-14, None
6.760265E-05, 0.9999324, 1.950951E-11, None
2.309542E-05, 0.9999769, 5.428724E-14, None
0.773823, 0.226177, 2.151743E-14, Buy
0.0328798, 0.9671202, 2.110599E-10, None
0.1818193, 0.8181807, 4.086264E-15, None
0.9922261, 0.007773894, 3.138818E-15, Buy
0.8742934, 0.1257066, 1.483079E-15, Buy
0.7827201, 0.2172799, 2.971775E-12, Buy
0.6749737, 0.3250263, 1.12585E-15, Buy
0.8259828, 0.1740172, 4.106276E-12, Buy
0.0001577593, 0.9998422, 5.846257E-11, None
0.007776851, 0.9922231, 1.112204E-11, None
0.037867, 0.962133, 2.998145E-11, None
0.8988584, 0.1011416, 2.058064E-18, Buy
0.6549151, 0.3450849, 2.238387E-15, Buy
0.0006527944, 0.9993472, 1.249947E-13, None
0.08681019, 0.9131898, 6.499392E-13, None
0.001901411, 0.9980986, 9.147053E-11, None
0.001634041, 0.9983659, 5.869454E-16, None
0.0771687, 0.9228313, 2.397543E-16, None
0.798106, 0.201894, 2.718941E-12, Buy
0.5432098, 0.4567902, 1.897564E-10, Buy
0.9565998, 0.04340016, 6.713953E-12, Buy
0.9538997, 0.04610034, 1.436362E-10, Buy
0.8676309, 0.1323691, 2.216697E-09, Buy
0.9973124, 0.002687645, 6.28387E-14, Buy
0.9665057, 0.03349428, 1.205294E-08, Buy
0.878694, 0.121306, 9.899433E-11, Buy
0.93422, 0.06577997, 1.461014E-13, Buy
0.9643618, 0.03563822, 3.209332E-10, Buy
0.9804061, 0.01959388, 1.537072E-08, Buy
0.004528027, 0.9954715, 4.695584E-07, None
0.001602609, 0.9983974, 6.239401E-15, None
5.237338E-05, 0.9999476, 1.2624E-16, None
0.001197713, 0.9988023, 1.297815E-19, None
1.622943E-05, 0.9999838, 1.85468E-18, None
0.003555536, 0.9964445, 2.692283E-21, None
0.1534247, 0.8465754, 9.099118E-25, None
0.7488269, 0.2511731, 5.1805E-24, Buy
0.8206913, 0.1793087, 1.89634E-26, Buy
0.0003125552, 0.9996874, 1.545891E-22, None
0.001413689, 0.9985863, 2.286969E-20, None
0.001814664, 0.9981853, 1.174593E-14, None
0.8882824, 0.1117176, 1.17593E-18, Buy
0.002875407, 0.9971246, 8.237776E-16, None
0.2070983, 0.7929016, 2.145178E-18, None
0.005612487, 0.9943875, 2.774525E-15, None
0.1556787, 0.8443214, 5.180253E-12, None
1.946203E-05, 0.9999805, 8.943561E-14, None
0.0001285735, 0.9998714, 7.547962E-14, None
0.05315968, 0.9468403, 1.014991E-13, None
0.08808532, 0.9119146, 7.183707E-09, None
0.397779, 0.602221, 5.930834E-09, None
0.0004345522, 0.9995654, 5.431606E-12, None
2.989877E-05, 0.9999633, 6.733319E-06, None
8.096801E-05, 0.9997832, 0.0001358045, None
4.079511E-07, 0.9998242, 0.0001754061, None
6.180167E-09, 0.9998548, 0.0001452092, None
1.322766E-07, 0.9999995, 4.333198E-07, None
8.753737E-11, 0.9999998, 2.199232E-07, None
1.368242E-06, 0.9999725, 2.609425E-05, None
1.55908E-06, 0.9999983, 9.269924E-08, None
1.709187E-06, 0.9962142, 0.003784077, None
4.503055E-06, 0.9999873, 8.169939E-06, None
1.916913E-06, 0.9999981, 1.867053E-08, None
2.305403E-06, 0.9999725, 2.519127E-05, None
1.017913E-05, 0.9999813, 8.551432E-06, None
9.532151E-07, 0.9985157, 0.001483311, None
7.253838E-09, 0.999893, 0.000107018, None
0.0002331968, 0.9997516, 1.517356E-05, None
5.09568E-06, 0.9999949, 1.429281E-09, None
0.008174655, 0.9918253, 3.293212E-11, None
0.0004743115, 0.9995257, 3.304796E-10, None
1.330766E-05, 0.9999866, 3.709111E-08, None
3.305581E-06, 0.9999958, 8.527434E-07, None
7.906099E-05, 0.999921, 2.364522E-09, None
0.9512067, 0.04879329, 3.345199E-16, Buy
0.9813951, 0.01860491, 2.533923E-14, Buy
0.9990102, 0.0009897655, 2.062304E-16, Buy
0.0667221, 0.9332779, 3.854978E-11, None
0.02469278, 0.9753072, 2.125128E-11, None
0.009838142, 0.9901618, 1.618359E-09, None
0.01297806, 0.9870219, 1.116098E-11, None
0.01493101, 0.985068, 1.034336E-06, None
0.02401972, 0.9759803, 1.965616E-08, None
0.3857889, 0.6142111, 1.245858E-10, None
0.9984352, 0.001564781, 1.029855E-13, Buy
0.9955215, 0.004478469, 1.002658E-12, Buy
0.9821916, 0.01780837, 1.710863E-11, Buy
0.0002205376, 0.9997791, 3.637507E-07, None
0.1547798, 0.8451329, 8.728007E-05, None
0.02203589, 0.977964, 1.042433E-07, None
0.01454805, 0.9850323, 0.0004196797, None
8.238075E-06, 0.9999917, 8.33445E-08, None
0.0005662809, 0.9994336, 1.538988E-07, None
0.03513194, 0.9648678, 2.842922E-07, None
0.0007873174, 0.9992127, 9.508568E-09, None
3.84476E-05, 0.999929, 3.257965E-05, None
0.0002926096, 0.9995371, 0.0001703425, None
3.890399E-05, 0.9998605, 0.0001006178, None
3.480195E-05, 0.9999624, 2.803912E-06, None
0.0005650853, 0.9994349, 1.565605E-09, None
6.841089E-07, 0.9999993, 5.292702E-08, None
5.462308E-08, 0.9999695, 3.047006E-05, None
1.365752E-11, 0.9999015, 9.849203E-05, None
3.72538E-11, 0.9895284, 0.01047156, None
1.199775E-11, 0.9999982, 1.817308E-06, None
2.014894E-05, 0.9717619, 0.02821793, None
0.002445308, 0.9975303, 2.443939E-05, None
0.04381504, 0.9561837, 1.228564E-06, None
0.01580928, 0.9841907, 7.889732E-10, None
0.04747077, 0.9525293, 4.896161E-14, None
0.431916, 0.5680841, 2.500525E-16, None
0.8557761, 0.1442239, 2.587228E-21, Buy
0.1065436, 0.8934564, 1.46839E-19, None
0.206523, 0.7934771, 2.227537E-15, None
0.01170404, 0.988296, 8.525777E-12, None
1.559813E-06, 0.9999985, 7.854915E-15, None
5.064269E-05, 0.9999493, 6.408113E-14, None
2.70264E-05, 0.999973, 4.374245E-14, None
0.0009186604, 0.9990813, 3.5207E-11, None
6.058654E-05, 0.9999394, 1.452551E-11, None
0.003818894, 0.9961811, 2.462794E-13, None
0.03069352, 0.9693065, 1.904836E-10, None
0.00591512, 0.9940807, 4.174935E-06, None
0.02021105, 0.9797889, 2.169422E-08, None
1.606457E-09, 0.9999997, 3.136643E-07, None
5.554663E-07, 0.9858819, 0.0141176, None
6.110806E-06, 0.99976, 0.0002339278, None
3.381025E-06, 0.999976, 2.063896E-05, None
4.697552E-07, 0.9999995, 9.749616E-09, None
0.0002111265, 0.9997889, 1.692491E-08, None
4.357281E-08, 0.9999996, 3.7256E-07, None
2.361821E-07, 0.9999736, 2.619188E-05, None
0.0137946, 0.9263227, 0.05988268, None
0.2638496, 0.7361329, 1.74905E-05, None
0.03123551, 0.9686193, 0.0001451652, None
0.0008768602, 0.998553, 0.0005700818, None
0.0001156503, 0.9998844, 7.11723E-09, None
2.008615E-07, 0.9999955, 4.31391E-06, None
0.02491998, 0.97508, 1.931814E-09, None
0.955192, 0.04480799, 2.179266E-14, Buy
0.5952568, 0.4047432, 5.419182E-11, Buy
0.9722271, 0.02777292, 4.50138E-12, Buy
0.7702277, 0.2297723, 3.921828E-13, Buy
0.1193897, 0.8806103, 7.771783E-11, None
0.999312, 0.0006879308, 4.642288E-08, Buy
0.990398, 0.009602006, 2.19447E-10, Buy
1.405804E-05, 0.9999859, 2.09042E-10, None
0.0001444333, 0.9998556, 3.572832E-12, None
0.0001857084, 0.9998143, 4.216618E-08, None
0.003230384, 0.9966656, 0.0001040475, None
0.001272044, 0.9984208, 0.0003071844, None
0.01247904, 0.9875208, 2.25929E-07, None
0.002181681, 0.9978183, 2.27187E-11, None
0.0004049395, 0.999595, 1.379774E-14, None
5.673994E-06, 0.9999936, 7.402277E-07, None
2.97259E-06, 0.9999964, 6.242248E-07, None
0.000486938, 0.999505, 8.019063E-06, None
4.87194E-05, 0.9999511, 1.856517E-07, None
2.90208E-07, 0.9999994, 3.18224E-07, None
6.561832E-09, 0.9999748, 2.512345E-05, None
2.702635E-07, 0.9999997, 3.229355E-10, None
9.762172E-08, 0.9999999, 3.868402E-08, None
4.083278E-08, 0.9999996, 3.979815E-07, None
2.592389E-08, 1, 5.120091E-10, None
0.0005021545, 0.9994978, 8.047342E-14, None
0.2587938, 0.7412058, 3.423044E-07, None
0.1416885, 0.8583077, 3.877119E-06, None
0.02115231, 0.9788476, 4.859421E-08, None
0.0004736457, 0.9995263, 7.311029E-08, None
0.01721806, 0.9827769, 5.020272E-06, None
0.01982888, 0.9801701, 1.027993E-06, None
0.07412244, 0.9258772, 4.146573E-07, None
0.000258903, 0.9997411, 9.376634E-09, None
0.0003923896, 0.9996055, 2.159787E-06, None
0.03466678, 0.9653332, 7.60824E-08, None
0.0007449781, 0.9992546, 4.253626E-07, None
0.02187288, 0.9781271, 9.658083E-12, None
0.0008627605, 0.9991372, 1.011334E-09, None
0.1914128, 0.8085872, 2.289197E-11, None
0.2915393, 0.7084607, 3.328733E-11, None
0.02546671, 0.9745333, 2.102069E-08, None
0.6322255, 0.3677745, 3.363532E-11, Buy
9.950357E-05, 0.9999005, 2.568624E-09, None
2.067366E-06, 0.9999969, 1.008236E-06, None
0.0005259099, 0.999471, 3.083E-06, None
8.735928E-05, 0.997353, 0.002559605, None
4.651421E-05, 0.9999511, 2.357917E-06, None
4.859989E-05, 0.9999511, 2.937132E-07, None
2.486852E-05, 0.9996128, 0.0003622989, None
1.591825E-05, 0.9999362, 4.786802E-05, None
0.005032494, 0.9937996, 0.001167865, None
0.0001338427, 0.9881591, 0.01170707, None
4.243068E-06, 0.9233956, 0.07660013, None
0.1024676, 0.8838732, 0.01365917, None
0.03233242, 0.9676331, 3.443877E-05, None
0.003852534, 0.9959518, 0.0001956687, None
0.7299309, 0.2504037, 0.01966538, Buy
0.0008524965, 0.06174755, 0.9373999, Sell
1.598792E-06, 0.9999797, 1.871267E-05, None
4.558296E-07, 0.9999604, 3.912147E-05, None
1.979407E-05, 0.9999715, 8.689721E-06, None
3.828102E-05, 0.9998911, 7.064253E-05, None
0.02506172, 0.9749383, 1.549651E-08, None
0.02437322, 0.9756268, 2.539119E-08, None
0.001140396, 0.9690735, 0.02978608, None
0.03108483, 0.9688202, 9.496901E-05, None
0.163927, 0.8354321, 0.0006409232, None
0.8135496, 0.1396013, 0.04684908, Buy
7.263428E-05, 0.9995483, 0.0003790891, None
6.258952E-05, 0.9237046, 0.07623277, None
4.795538E-07, 0.4718104, 0.5281891, Sell
1.045197E-06, 0.4697258, 0.5302731, Sell
6.738072E-10, 0.4616298, 0.5383702, Sell
3.165909E-06, 0.999305, 0.0006918828, None
3.061928E-09, 1, 9.257296E-09, None
1.632672E-07, 0.9999955, 4.33268E-06, None
2.941026E-07, 0.06407581, 0.9359239, Sell
1.187248E-07, 0.1332642, 0.8667358, Sell
2.790993E-09, 0.9994991, 0.0005008701, None
3.140559E-09, 0.9996578, 0.0003421672, None
5.090114E-07, 0.9998941, 0.0001054028, None
1.2564E-05, 0.9999865, 8.790574E-07, None
1.103341E-05, 0.9999715, 1.743516E-05, None
2.513858E-05, 0.9999014, 7.350695E-05, None
1.383776E-06, 0.9999924, 6.176534E-06, None
1.111199E-07, 0.9990401, 0.0009597886, None
0.0004404103, 0.9995595, 5.121386E-08, None
6.155718E-07, 0.9999964, 2.971326E-06, None
0.0009673471, 0.9990017, 3.090823E-05, None
1.08479E-05, 0.9999801, 9.061587E-06, None
0.0004542067, 0.9995451, 6.676516E-07, None
6.363736E-07, 0.9998406, 0.0001587955, None
0.02596114, 0.9740388, 8.506185E-08, None
2.978793E-05, 0.9999186, 5.160713E-05, None
0.0190754, 0.980923, 1.573969E-06, None
0.03240375, 0.9675955, 7.363651E-07, None
0.1567454, 0.8432546, 7.300417E-10, None
6.424871E-05, 0.9999357, 6.660317E-11, None
0.1550673, 0.8449326, 4.147642E-08, None
4.319482E-06, 0.9999957, 1.10638E-09, None
1.17692E-07, 0.999999, 9.134189E-07, None
1.63447E-05, 0.9999836, 6.667884E-08, None
3.75717E-07, 0.9999996, 5.280389E-09, None
1.029511E-08, 0.9874547, 0.01254526, None
1.812863E-06, 0.9953987, 0.004599469, None
1.212487E-06, 0.9999969, 1.885883E-06, None
1.29094E-05, 0.9919298, 0.008057285, None
5.895453E-08, 0.999983, 1.690756E-05, None
8.007653E-09, 1, 8.810822E-09, None
8.052646E-08, 0.9999996, 3.07033E-07, None
5.024824E-06, 0.999995, 2.702661E-09, None
0.002130014, 0.9978699, 1.040687E-07, None
0.001209326, 0.9987906, 3.375386E-08, None
0.01751944, 0.9824803, 1.85244E-07, None
0.02159682, 0.9784032, 2.095891E-09, None
0.009338101, 0.9906619, 8.997932E-10, None
0.00014555, 0.9998544, 7.860799E-09, None
0.005036827, 0.9949631, 7.661158E-08, None
0.1394137, 0.8605863, 7.818001E-11, None
0.1262519, 0.8737481, 1.283047E-09, None
0.5010676, 0.4989324, 9.570911E-11, Buy
0.6812408, 0.3187592, 1.353007E-14, Buy
0.9988373, 0.001162701, 8.763679E-16, Buy
0.995823, 0.004176997, 6.312041E-14, Buy
0.9999453, 5.46537E-05, 1.276109E-13, Buy
0.01561347, 0.9843865, 7.844696E-09, None
0.005657456, 0.9943426, 9.74969E-13, None
0.9958957, 0.004104286, 2.727851E-11, Buy
0.9919382, 0.00806179, 1.443881E-08, Buy
0.03598032, 0.9640164, 3.295229E-06, None
0.967914, 0.03208597, 5.182603E-12, Buy
0.7429616, 0.2570383, 8.343862E-15, Buy
0.3063487, 0.6936513, 1.917855E-13, None
0.9699617, 0.03003829, 4.357518E-14, Buy
0.03634444, 0.9636556, 1.191103E-10, None
0.0001333105, 0.9998667, 8.363966E-11, None
4.618697E-08, 0.9999998, 2.159203E-07, None
5.978664E-10, 1, 3.639459E-09, None
3.41776E-05, 0.9999658, 9.341059E-10, None
1.759892E-08, 0.9999999, 7.166133E-08, None
5.363611E-12, 1, 9.123293E-09, None
4.089227E-16, 0.9999989, 1.070897E-06, None
2.228012E-10, 1, 2.12067E-09, None
5.40919E-14, 0.9999999, 5.345999E-08, None
5.638786E-16, 0.9999921, 7.912336E-06, None
2.002476E-11, 0.9999953, 4.702975E-06, None
2.323645E-07, 0.9973949, 0.002604849, None
1.819229E-09, 0.3949853, 0.6050147, Sell
6.465408E-14, 0.6424761, 0.3575239, None
1.45495E-11, 0.9999797, 2.031285E-05, None
4.848023E-06, 0.9999803, 1.485315E-05, None
0.001104458, 0.9776638, 0.02123178, None
5.289617E-08, 0.9995823, 0.0004176397, None
1.574111E-12, 0.9905713, 0.009428736, None
3.556149E-11, 0.9998216, 0.0001784042, None
1.737614E-09, 0.987531, 0.01246896, None
2.222338E-05, 0.9999778, 1.911492E-08, None
3.722982E-07, 0.9999996, 6.315379E-08, None
4.919829E-06, 0.9999951, 1.365637E-09, None
0.005581351, 0.9944186, 5.236839E-12, None
0.0005594515, 0.9994406, 2.512562E-13, None
0.002548018, 0.997452, 2.781051E-08, None
0.0009448083, 0.999055, 2.304492E-07, None
0.000939046, 0.9990609, 7.275055E-08, None
0.355361, 0.644639, 3.017779E-09, None
0.0002431963, 0.9997568, 1.81827E-09, None
0.01119461, 0.9888054, 3.608428E-10, None
2.823471E-05, 0.9999717, 8.256313E-12, None
5.843308E-09, 1, 1.693326E-10, None
2.983471E-11, 1, 1.172401E-10, None
8.827333E-07, 0.9999991, 4.492466E-16, None
2.123789E-08, 1, 5.500409E-14, None
1.078643E-12, 1, 6.434232E-12, None
2.206447E-11, 1, 8.21988E-11, None
1.472884E-11, 1, 9.588889E-11, None
4.711841E-08, 0.9999999, 1.921608E-11, None
1.744952E-07, 0.9999993, 4.924537E-07, None
2.840877E-08, 0.9999999, 1.141777E-07, None
0.0001162519, 0.9998837, 9.320552E-09, None
0.0001062428, 0.9998685, 2.532175E-05, None
1.016195E-05, 0.9999897, 1.671584E-07, None
0.000260712, 0.9997393, 2.149497E-10, None
3.205265E-07, 0.9999997, 1.727835E-15, None
7.653698E-06, 0.9999924, 1.486238E-10, None
6.205179E-07, 0.9999994, 1.46131E-11, None
1.966551E-07, 0.9999998, 6.050637E-16, None
7.009666E-08, 0.9999999, 6.990999E-14, None
4.103502E-07, 0.9999996, 5.139341E-16, None
1.566374E-05, 0.9999843, 2.272018E-16, None
2.861311E-07, 0.9999997, 5.011244E-12, None
9.992987E-06, 0.99999, 7.459302E-15, None
1.314681E-06, 0.9999987, 3.750135E-11, None
0.001588993, 0.998411, 4.812848E-14, None
8.793928E-08, 0.9999999, 2.154787E-12, None
3.234504E-05, 0.9999676, 7.95233E-16, None
1.175991E-06, 0.9999988, 9.235275E-14, None
6.532004E-05, 0.9999347, 3.900806E-16, None
0.04239554, 0.9576045, 1.059823E-14, None
0.0001020225, 0.999898, 1.9611E-16, None
0.04262573, 0.9573743, 1.272722E-14, None
0.7710901, 0.2289099, 2.483822E-16, Buy
0.01056899, 0.989431, 4.369181E-14, None
0.07206081, 0.9279392, 2.887403E-14, None
0.1196046, 0.8803954, 8.652671E-13, None
0.6853157, 0.3146843, 8.517799E-14, Buy
0.03914934, 0.9608507, 1.207798E-09, None
0.3872417, 0.6127583, 2.907281E-12, None
0.1068967, 0.8931033, 1.23362E-08, None
0.02597195, 0.9740281, 2.622242E-10, None
0.0003100262, 0.99969, 1.782869E-16, None
6.38875E-07, 0.9999993, 9.292338E-15, None
1.008529E-05, 0.9999899, 9.363754E-17, None
3.049161E-05, 0.9999695, 6.986614E-16, None
1.588247E-06, 0.9999984, 4.839839E-19, None
2.710642E-07, 0.9999997, 1.584722E-20, None
6.017056E-07, 0.9999994, 1.103209E-21, None
2.413671E-08, 1, 7.30021E-16, None
1.068978E-08, 1, 2.806154E-11, None
1.34721E-06, 0.9999986, 7.154285E-16, None
8.021656E-08, 0.9999999, 6.114209E-17, None
0.01142465, 0.9885753, 9.09271E-21, None
0.01408249, 0.9859175, 6.108669E-17, None
0.009486185, 0.9905138, 7.243782E-20, None
0.004872982, 0.995127, 3.659997E-24, None
0.002174355, 0.9978256, 1.194472E-17, None
0.004695822, 0.9953042, 1.87139E-23, None
0.002927465, 0.9970725, 1.256317E-13, None
0.01324458, 0.9867554, 9.121997E-17, None
0.01530532, 0.9846947, 1.366892E-14, None
0.2183063, 0.7816937, 8.8756E-16, None
0.01125812, 0.9887419, 6.380755E-13, None
0.2813949, 0.7186051, 9.490119E-09, None
0.9857289, 0.01427108, 2.002651E-09, Buy
0.9996109, 0.0003890918, 1.82338E-13, Buy
0.9997824, 0.0002175974, 8.4349E-14, Buy
0.4308193, 0.5691807, 1.165297E-11, None
0.9207678, 0.07923211, 3.055126E-08, Buy
0.9676406, 0.03235942, 1.817481E-13, Buy
0.9558591, 0.04414093, 1.860048E-12, Buy
0.5448173, 0.4551828, 7.633E-13, Buy
6.472474E-05, 0.9999353, 4.056256E-10, None
0.003209971, 0.9967525, 3.754028E-05, None
0.007138624, 0.9928607, 6.604627E-07, None
0.001741476, 0.998093, 0.0001654953, None
0.0001469652, 0.9998426, 1.03935E-05, None
1.207106E-09, 0.9994894, 0.0005106492, None
3.251995E-07, 0.9805763, 0.01942337, None
1.283406E-12, 0.9956703, 0.004329721, None
2.19538E-05, 0.9999768, 1.238291E-06, None
4.075739E-08, 0.9999986, 1.333301E-06, None
0.0004130647, 0.9995862, 7.468975E-07, None
4.805724E-05, 0.99995, 1.97412E-06, None
8.318227E-06, 0.9999915, 1.700965E-07, None
8.773106E-06, 0.9999911, 1.484165E-07, None
1.147403E-07, 0.9950882, 0.004911672, None
9.125583E-07, 0.9998346, 0.0001645104, None
4.32364E-06, 0.9999955, 1.406074E-07, None
1.09253E-08, 0.9996773, 0.0003226896, None
1.064973E-06, 0.9999968, 2.134366E-06, None
8.432937E-10, 0.999999, 9.990747E-07, None
2.515909E-08, 0.9999999, 9.397577E-08, None
8.036016E-11, 1, 1.589024E-09, None
6.930146E-09, 1, 2.045448E-08, None
6.440932E-10, 0.9999975, 2.53212E-06, None
3.099671E-06, 0.9999968, 9.701325E-08, None
1.232347E-05, 0.9999877, 4.611344E-09, None
2.876138E-06, 0.9999971, 3.464649E-13, None
8.782973E-10, 1, 1.26414E-11, None
1.016254E-05, 0.9999899, 3.756011E-15, None
3.311337E-09, 1, 9.346256E-14, None
1.077518E-07, 0.9999999, 1.001107E-12, None
3.056879E-07, 0.9999997, 2.723607E-10, None
